function t0=mytic

dt = 1/3600/24;
t0=now*3600*24;